tree
num_class=1
num_tree_per_iteration=1
label_index=0
max_feature_idx=27
objective=regression
feature_names=Column_0 Column_1 Column_2 Column_3 Column_4 Column_5 Column_6 Column_7 Column_8 Column_9 Column_10 Column_11 Column_12 Column_13 Column_14 Column_15 Column_16 Column_17 Column_18 Column_19 Column_20 Column_21 Column_22 Column_23 Column_24 Column_25 Column_26 Column_27
feature_infos=[0.27500000000000002:6.6950000000000003] [-2.4169999999999998:2.4300000000000002] [-1.7430000000000001:1.7430000000000001] [0.019:5.7000000000000002] [-1.7430000000000001:1.7430000000000001] [0.159:4.1900000000000004] [-2.9410000000000003:2.9700000000000002] [-1.7409999999999999:1.7409999999999999] [0:2.173] [0.19:5.1929999999999996] [-2.9039999999999999:2.9089999999999998] [-1.742:1.7430000000000001] [0:2.2149999999999999] [0.26400000000000001:6.5229999999999997] [-2.7280000000000002:2.7269999999999999] [-1.742:1.742] [0:2.548] [0.36499999999999999:6.0679999999999996] [-2.4950000000000001:2.496] [-1.74:1.7430000000000001] [0:3.1019999999999999] [0.17199999999999999:13.097999999999999] [0.41899999999999998:7.3920000000000003] [0.46100000000000002:3.6819999999999999] [0.38400000000000001:6.5829999999999993] [0.093000000000000013:7.8600000000000003] [0.38900000000000001:4.5430000000000001] [0.48899999999999999:4.3159999999999998]

Tree=0
num_leaves=31
num_cat=0
split_feature=25 25 5 27 26 25 27 0 25 22 27 9 3 22 26 27 25 5 24 3 9 3 26 25 24 24 0 10 21 13
split_gain=66.361623435870698 40.786748902032286 22.982425987617319 25.078187496852621 21.304541055435685 14.805208740927325 10.103317248064531 8.4239434904396546 7.3875975529606706 6.3281118034888131 6.3230110867888278 6.0116890642677756 5.2451760503316294 5.0087321111306302 4.8967306739445533 5.9841245719755678 4.7580212861582059 4.4703071098085072 4.4290339399239773 4.2600808249218183 3.8597281492018354 3.7565780704173557 3.5500341328594374 4.2637036257871692 3.4310496267018005 3.9601800856718246 3.3868465447470011 3.2243627361085641 3.2109282053102266 3.2663114952092114
threshold=1.2045000000000001 0.61750000000000005 0.86950000000000016 0.90250000000000019 0.77650000000000008 0.96550000000000014 0.90450000000000019 1.7305000000000004 1.8325000000000002 1.0545000000000002 0.96150000000000013 1.0365000000000002 2.6165000000000007 0.75250000000000006 0.86950000000000016 0.79950000000000021 0.98950000000000016 0.89650000000000007 0.64150000000000007 1.6175000000000004 0.9265000000000001 1.3345000000000002 0.85650000000000015 0.84250000000000014 1.0755000000000001 1.4775000000000003 1.1865000000000003 -0.11849999999999999 0.82650000000000012 1.3085000000000002
decision_type=2 2 2 2 2 2 2 2 2 2 2 2 2 2 2 2 2 2 2 2 2 2 2 2 2 2 2 2 2 2
left_child=1 11 4 22 18 6 14 12 9 10 17 19 16 -12 15 -6 -5 20 -3 28 -2 -8 23 -4 -9 -26 -25 -22 -1 -30
right_child=8 2 3 7 5 -7 21 24 -10 -11 13 -13 -14 -15 -16 -17 -18 -19 -20 -21 27 -23 -24 26 25 -27 -28 -29 29 -31
leaf_value=0.52011515136869435 0.50986984112338407 0.53334654363234468 0.54696134439135791 0.5406140513757911 0.54151807703702282 0.52661542193146493 0.53494491619845919 0.51492034617388915 0.51437434562788864 0.5297018824670533 0.5346714284249714 0.53231428556782856 0.51431428556782854 0.51233897692585317 0.5460970153728425 0.52473682077909611 0.53113720223449523 0.52955700401443051 0.51854786221016425 0.51488339125888549 0.53717142842497134 0.52319183658823665 0.5488997339603835 0.53861661114922388 0.5408996514214871 0.51721751137428018 0.5162190474725904 0.51650940751904806 0.52577654971877197 0.538524811883618
leaf_count=231 72 62 170 427 211 352 222 66 333 258 28 250 25 243 359 71 192 206 274 123 35 98 591 86 41 31 21 41 424 57
internal_value=0 0.061296138885247445 0.11661178419249604 0.2000519451228055 0.033121022800737039 0.090620386582336079 0.15488687086303823 0.070165872116527903 -0.2027321457862854 -0.15486620580893545 -0.2092571457862854 -0.10689401214573241 0.11821117719508106 -0.32421507936562122 0.22733318182681914 0.12871732229882099 0.13634802384214756 -0.1212526260122741 -0.19157143150057113 -0.14762361285215367 -0.25383011875925837 0.0097678542137145993 0.31706912149482058 0.22365548959277598 -0.15404555158338684 -0.0030793680085076224 0.067273695335209924 -0.096646619470495923 -0.11793579747167866 -0.071397686326825943
internal_count=5600 4384 3299 1650 1649 1313 961 782 1216 883 625 1085 644 271 641 282 619 354 336 835 148 320 868 277 138 72 107 76 712 481
shrinkage=1


Tree=1
num_leaves=31
num_cat=0
split_feature=25 25 26 5 26 25 22 9 5 22 3 13 24 24 9 24 2 3 19 26 22 19 3 25 26 9 14 24 26 26
split_gain=60.221341832680181 43.902789102808022 22.233693827239726 12.221151754243177 10.212318803256821 9.8786752379912102 9.1234751324615608 8.1599255684783945 5.8499860726940227 5.3993312516513683 3.8494167031696258 3.8132627867180595 3.4892834331623703 3.4778104576007109 3.3776285900083742 3.3706758649682556 5.0644917977631678 3.2070925550408251 3.1566675444942769 3.0119095862869543 3.0426506386282917 2.9949521709488858 3.2905030311124346 2.9917287228578857 2.9286794827777598 2.923603318965859 2.882933482771266 2.8649540491963563 3.8866393629059317 2.7338877527597423
threshold=1.0675000000000001 0.66550000000000009 0.8055000000000001 0.82050000000000012 1.0825000000000002 1.8325000000000002 1.0375000000000003 1.1375000000000002 0.86950000000000016 0.77950000000000019 2.4510000000000005 1.2955000000000003 0.71850000000000014 0.66250000000000009 1.2475000000000003 1.3295000000000001 1.0880000000000003 1.1435000000000002 1.2315000000000003 0.73350000000000015 0.82350000000000012 1.2875000000000003 0.3615000000000001 0.98450000000000015 0.84350000000000014 1.8455000000000001 0.81250000000000011 0.97750000000000015 0.99350000000000016 1.1955000000000002
decision_type=2 2 2 2 2 2 2 2 2 2 2 2 2 2 2 2 2 2 2 2 2 2 2 2 2 2 2 2 2 2
left_child=1 7 3 26 8 6 9 11 14 -2 25 12 -1 -11 17 16 21 23 29 -14 -21 22 -8 24 -4 -6 -3 28 -15 -9
right_child=5 2 4 -5 10 -7 15 18 -10 13 -12 -13 19 27 -16 -17 -18 -19 -20 20 -22 -23 -24 -25 -26 -27 -28 -29 -30 -31
leaf_value=-0.0025512426994205302 0.00076943409394442553 -0.010848645301929034 0.0016887773167003285 0.0082215783952255938 0.0031899781240043792 -0.015658658407292924 0.0078787121921777732 0.0094170270106160511 0.014168976164034234 0.0034217718456472667 -0.01696373833851381 0.0028008227103522849 -0.014381797874675079 -0.0095020012256312875 0.017124679540434191 0.0084929219977830043 0.011198753615220387 0.0014604289650292923 -0.0099714064688393583 0.00026994621859187574 -0.009173220730033415 0.010542579933449075 -0.0093607377715227078 -0.00094615590113859914 0.012424556984881725 0.015531858323879964 0.001191362786677576 -0.0080434127250708729 -0.019887055043195715 -0.0057825231303771339
leaf_count=306 123 251 77 169 507 333 32 166 841 42 22 112 187 188 93 93 57 191 33 113 348 27 205 65 363 53 62 332 173 36
internal_value=0 0.06949557165180488 0.1423452295191481 -0.052269656813985578 0.18475227075448736 -0.15984100073668817 -0.11969979653287234 -0.081355295600018807 0.22535332501665947 -0.17852902019913103 0.071041414315757889 -0.11853961006338108 -0.13903256519785467 -0.21098055401626897 0.16350283992154516 0.0022216380218376859 -0.046346033566466001 0.13958597234610853 0.087319084050807544 -0.18059176215786993 -0.13717036404992392 -0.10471081778858647 -0.1406609664989423 0.18133266951778149 0.21091591085899961 0.087160978572709213 -0.16927447143835 -0.22791485649682744 -0.28957544337349256 0.13416392584838491
internal_count=5600 3995 2694 482 2212 1605 1272 1301 1630 858 582 1066 954 735 789 414 321 696 235 648 461 264 237 505 440 560 313 693 361 202
shrinkage=0.05


Tree=2
num_leaves=31
num_cat=0
split_feature=27 26 22 24 5 5 22 22 27 26 27 3 27 26 0 24 27 8 5 23 3 2 0 24 24 2 5 6 6 9
split_gain=39.816733855420956 42.840521153654855 19.167187147158582 26.750763498318072 11.022990406535115 9.6958577350531314 5.421548675642347 5.0966099814955079 4.541817796764529 4.3000023041457744 4.2921175062810164 3.6660441881030152 3.6264438786029984 3.3517683699806735 3.163944156560877 3.1061928485783712 3.0180868180553349 2.9190800681582427 3.73682185855664 3.1743959550058776 2.8987297294500509 3.0003813377829429 2.7171527803095952 2.6839904416086457 4.6034087348019144 2.6651816856165924 2.5791658716575001 2.548653267285101 2.5610600409856437 2.377553913401826
threshold=0.90450000000000019 0.81150000000000011 1.0465000000000002 1.0755000000000001 0.82050000000000012 0.90050000000000008 1.0605000000000002 0.76250000000000007 0.84050000000000014 0.89850000000000019 1.1225000000000003 2.4510000000000005 1.0885000000000002 0.86050000000000015 1.6475000000000002 1.0405000000000002 0.80650000000000011 9.9999996826552254e-21 1.7625000000000002 0.98750000000000016 1.6295000000000002 0.52350000000000019 0.70450000000000013 1.3095000000000003 0.8055000000000001 -1.5134999999999998 1.6515000000000002 -1.8214999999999997 1.3790000000000002 1.1935000000000002
decision_type=2 2 2 2 2 2 2 2 2 2 2 2 2 2 2 2 2 2 2 2 2 2 2 2 2 2 2 2 2 2
left_child=1 4 3 12 14 6 8 -5 13 -10 26 17 -2 -3 29 -11 25 18 19 -12 -9 -22 -15 24 -19 -6 27 -4 -29 -1
right_child=2 5 10 7 16 -7 -8 20 9 15 11 -13 -14 22 -16 -17 -18 23 -20 -21 21 -23 -24 -25 -26 -27 -28 28 -30 -31
leaf_value=-0.008517610635185106 -0.012925042424883163 0.0011255222998681617 -0.014179796651005744 0.0080657021590956942 -0.012178000594888416 0.012113067468997589 0.012857507826179587 -0.0017663762619919031 -0.013333842914838058 -0.0043024857537915014 0.0065319229321307449 -0.018226465889636209 -0.020608480262611559 0.0025936728077275411 0.0048237232634654416 0.0088557897726210168 -0.0069603457325889215 0.0083089324717338271 0.01204975661304262 -0.0059658533289232325 -0.0044148250967264184 -0.018870105408132078 0.011545717543616718 -0.00035129474832656536 -0.015331777132520772 0.0062278934255723031 0.019180984408767136 0.0053123052377958557 -0.009027070552110673 0.0060907623891172744
leaf_count=704 406 244 20 108 21 923 186 484 65 99 83 34 247 126 52 82 62 26 72 131 100 56 259 141 99 310 27 370 34 29
internal_value=0 0.07761918416436453 -0.092451338412528936 -0.16873519685249683 -0.073439128254184499 0.167310057162878 0.10210737788261499 -0.039626702945181391 0.069149712937218805 -0.046054562417472279 0.010609110646675499 -0.045830743965842212 -0.31662670289027928 0.11420575703460197 -0.14188362211938116 0.033174438865145268 0.063275700458740161 -0.026200759346070496 0.043930440099089293 -0.02237169931982165 -0.073535453854128713 -0.19207800160615873 0.17231914896469611 -0.10160498130590395 -0.20829019069671631 0.10120295766977386 0.083943378502408045 0.064860217273235321 0.082110521743203158 -0.15879306351666886
internal_count=5600 3162 2438 1401 1178 1984 1061 748 875 246 1037 586 653 629 785 181 393 552 286 214 640 156 385 266 125 331 451 424 404 733
shrinkage=0.05


Tree=3
num_leaves=31
num_cat=0
split_feature=25 25 5 27 26 25 27 0 3 3 24 24 27 15 25 6 17 9 9 27 13 0 9 15 22 24 21 26 25 9
split_gain=53.296853688626904 31.589803413111337 18.404348620290179 21.755340204271171 16.229164364222651 14.565154135601235 8.3601084638945231 7.0703228056599103 5.2805924952457417 4.5917298490712843 4.5127583118748174 4.2729846920731021 7.4032155770120411 4.69882706258264 4.1519906887504039 3.9985085122403272 3.8371873750790924 3.739931928602112 3.6354110068842438 3.8675653711196336 3.8817334098058334 4.6033469731182031 4.3604766233613876 4.0146983420462616 3.5898863276698378 3.5431838716292479 3.3995112614752614 3.1454053713115542 3.926049926997381 3.1222749208221883
threshold=1.2450000000000003 0.59250000000000014 0.87650000000000006 0.90250000000000019 0.77650000000000008 0.96550000000000014 0.85750000000000004 1.7305000000000004 1.8535000000000004 2.0310000000000001 0.64150000000000007 1.3235000000000003 1.0245000000000002 -1.5714999999999997 0.99250000000000005 1.1275000000000002 1.6815000000000002 1.0415000000000003 1.6725000000000001 0.90450000000000019 1.2955000000000003 0.96850000000000014 0.76250000000000007 -0.56949999999999978 1.1135000000000004 1.0895000000000004 1.0925000000000002 0.85650000000000015 0.94550000000000012 1.2680000000000005
decision_type=2 2 2 2 2 2 2 2 2 2 2 2 2 2 2 2 2 2 2 2 2 2 2 2 2 2 2 2 2 2
left_child=1 18 4 27 10 6 -6 9 11 14 -3 12 13 -2 -5 25 -13 -7 19 20 21 22 -1 -22 -15 -9 -21 28 -4 -8
right_child=8 2 3 7 5 17 29 15 -10 -11 -12 16 -14 24 -16 -17 -18 -19 -20 26 23 -23 -24 -25 -26 -27 -28 -29 -30 -31
leaf_value=-0.014342653060425592 0.016772226563521796 0.0031567878919105011 0.012383948642113979 0.0091035513302027173 0.011005006831671511 -0.0073216697059828653 0.00015862545409759917 -0.019029619343697082 -0.021691121555954578 -0.0068481189608573913 -0.010705132494370143 -0.0053725993955457537 -0.016057648425950106 -0.0090040893762944694 0.00025122025838265053 0.013379160240292549 0.012266088216691404 0.0036913585237094339 0.0098627347695200082 -0.014592291391209553 -0.0083699600263075404 -0.00029774567773265226 -0.0030567684369843182 0.01874118559062481 0.0044825189347778051 -0.0021235556876073119 -0.0020205988486607872 0.016054013351466032 -0.0028807752272661997 0.012248815475933013
leaf_count=179 21 73 242 413 560 290 385 63 83 75 300 185 329 415 195 20 37 105 38 190 22 279 164 36 56 61 75 596 51 62
internal_value=0 0.052340458787121728 0.096929415023214185 0.17077522155218747 0.025538201499992693 0.074858910347017513 0.13869515759824166 0.054034486503093677 -0.19106348700569958 0.096490358058390471 -0.15984419475611669 -0.17174518176944692 -0.20502863837072532 -0.12737639321059716 0.12528798189994536 -0.14733607094320986 -0.04865636253679121 -0.087883117455470408 -0.1060115719557051 -0.11820640598655378 -0.078269776614273298 -0.10134134937520962 -0.17892973303099763 0.16915295195990596 -0.14801172105370053 -0.21425853477370355 -0.22068530399844333 0.27937430803767743 0.19453897848471033 0.036711291245432771
internal_count=5600 4474 3491 1716 1775 1402 1007 827 1126 683 373 1043 821 492 608 144 222 395 983 945 680 622 343 58 471 124 265 889 293 447
shrinkage=0.05


Tree=4
num_leaves=31
num_cat=0
split_feature=25 25 26 27 5 26 25 25 22 27 9 5 0 3 24 22 24 27 26 21 24 24 2 27 27 13 22 21 22 19
split_gain=48.348286684614585 34.991537389361568 17.553246390832399 18.307648313804428 9.5532517971647479 8.9334744312615868 7.9055109624788358 7.8436834166810057 7.6785196293665514 7.2062686592082521 6.5861163148067936 4.9275368102022474 4.8812178514962934 4.6012818358667804 4.5064400592414149 8.0507744162709134 4.5412204868348827 3.5148991750813714 5.8086248018334512 4.016097233428253 3.2941518033690698 3.0192558223004111 4.3638814788516447 3.4210687576283845 2.9442381591170887 2.9289891881764185 2.855637308131179 3.458971581004386 2.8081988680943599 2.7435212066621424
threshold=1.0675000000000001 0.66550000000000009 0.77650000000000008 0.90450000000000019 0.82050000000000012 0.85850000000000015 1.8325000000000002 0.83950000000000014 1.0375000000000003 1.0025000000000002 1.1375000000000002 1.1885000000000001 1.3185000000000002 1.7675000000000003 1.1805000000000001 1.0215000000000003 0.99950000000000017 0.85250000000000015 0.79050000000000009 1.3125000000000002 0.98950000000000016 1.3295000000000001 1.0880000000000003 1.1575000000000002 0.82650000000000012 1.3735000000000004 1.1035000000000001 0.79950000000000021 0.68650000000000011 -1.1484999999999996
decision_type=2 2 2 2 2 2 2 2 2 2 2 2 2 2 2 2 2 2 2 2 2 2 2 2 2 2 2 2 2 2
left_child=1 10 4 5 -3 7 8 -4 9 11 17 -2 -9 14 15 16 -5 18 26 -19 -13 22 23 -10 -12 -20 27 28 -1 -29
right_child=6 2 3 13 -6 -7 -8 12 21 -11 24 20 -14 -15 -16 -17 -18 19 25 -21 -22 -23 -24 -25 -26 -27 -28 29 -30 -31
leaf_value=0.0034031446490968976 -0.0071207237833489983 -0.0094963389574264992 0.011783502784977973 -0.012559255824341038 0.0075356322791307207 0.014376908837805822 -0.014026611788315817 0.0016859869589868762 -0.0012019752431168128 -0.014815283668437127 0.010285017067946278 -0.0031681364370604696 -0.019541450386697596 -0.0047599114389980544 0.0085068302428991781 0.0067275904674156039 0.0037797636022934549 -0.011633659073031776 0.0018839979010659297 0.0025252074251572291 0.014471396151930094 0.0081526011228561408 0.010467793073570521 -0.013822904586791994 -0.00099435248835520306 0.022026107609272004 0.01105563847914986 0.0046901162551796953 -0.016392169135515808 -0.0065117604265648157
leaf_count=21 480 245 226 123 124 948 333 151 189 271 103 59 33 170 354 255 65 303 185 60 48 93 57 75 132 20 23 69 122 263
internal_value=0 0.062123560897996637 0.12716093119551894 0.15931838343220373 -0.075457162165706401 0.23419878314714193 -0.14336547171958139 0.11086769743663509 -0.10745624811300691 -0.16142616141370406 -0.072550286589724386 -0.099156403764955436 -0.042422155647174171 0.05416059355331429 0.08601881161687365 0.018800529884700042 -0.13820253534519927 -0.1059568174896276 -0.064694512619572042 -0.18586701121868837 0.094898498225434919 0.0043944417710465511 -0.041571773194078343 -0.095749330678672501 0.078987423790262107 0.076981635500745077 -0.12301501535986321 -0.13967804494657016 -0.26970330026599909 -0.083673190998743818
internal_count=5600 3995 2694 2325 369 1358 1605 410 1272 858 1301 587 184 967 797 443 188 1066 703 363 107 414 321 264 235 205 498 475 143 332
shrinkage=0.05


Tree=5
num_leaves=31
num_cat=0
split_feature=25 25 26 25 5 3 25 0 22 13 5 22 1 5 0 21 3 24 5 22 25 0 13 5 24 0 24 23 17 19
split_gain=47.873269656839938 26.752070961601468 17.071686896874343 14.306914789036639 7.9609196952061172 7.914932743487455 5.9565896258554005 5.2353046040063305 4.9296468955668811 4.6227465376393155 4.2232732706468665 4.1048482991308024 3.9063624751510813 3.8642525142019828 3.8135319522135287 3.7812620498466316 3.6580345144124067 2.9475086677623885 2.8554798184942172 3.7439180142130333 3.2320647766377455 2.8113465204195478 3.528401555473673 3.0912387200349962 3.3314476265046968 2.7034968837944415 2.6033356500256857 2.876903164606615 2.5399157526221581 2.5398443914066036
threshold=1.1785000000000003 0.59250000000000014 0.77650000000000008 0.98450000000000015 0.8015000000000001 1.5465000000000002 1.4915 1.4035000000000004 1.0105000000000002 0.73250000000000004 1.1815000000000002 0.88150000000000006 0.68150000000000011 1.3365000000000002 1.4105000000000001 0.99950000000000017 1.8335000000000004 0.71850000000000014 0.88150000000000006 1.0545000000000002 0.65950000000000009 0.90750000000000008 0.9405 1.2005000000000001 0.66250000000000009 0.40350000000000003 1.0515000000000001 0.98850000000000016 0.57250000000000012 0.25750000000000006
decision_type=2 2 2 2 2 2 2 2 2 2 2 2 2 2 2 2 2 2 2 2 2 2 2 2 2 2 2 2 2 2
left_child=1 13 4 5 17 7 8 15 11 -7 25 26 -9 21 -12 18 -8 -3 19 20 -4 22 -1 24 28 -5 -2 -28 -23 -26
right_child=6 2 3 10 -6 9 16 12 -10 -11 14 -13 -14 -15 -16 -17 -18 -19 -20 -21 -22 23 -24 -25 29 -27 27 -29 -30 -31
leaf_value=-0.011566934833923976 -0.0076037017804271778 -0.0021987367202253904 -0.0072792647914452988 0.01073817334004811 0.0048640095910360654 0.0095608038068921482 -0.010433155199374197 0.0069622694475254725 0.0014238740962285263 -0.0030328920377152308 0.011221073038321882 -0.013119807907126167 -0.0050945882707141175 0.0043156435320136745 -0.0058275300926632356 0.0064489478785494164 -0.022817007091009256 -0.012100447721633257 0.014955681542593264 0.017891752577346303 0.0089744708754799576 -0.0033744893197355606 -0.0020453636534512043 -0.017848616698756814 -7.8736732353517172e-05 -0.0036907350877299905 -0.0069978703558444978 0.01337767515967532 0.015773037283919579 -0.0087448907445888124
leaf_count=300 106 119 33 35 172 108 618 307 208 224 121 198 86 109 45 369 66 204 526 115 418 29 144 32 199 448 30 41 43 147
internal_value=0 0.051722648744629347 0.094846020374928147 0.12476468252336748 -0.076506317384315264 0.16347205870651044 -0.16925986349911978 0.18893524295496708 -0.094991422691230704 0.021277047873261463 -0.0056117802445069297 -0.1634755084514618 0.086477462041165687 -0.091448664843501268 0.13198927511651831 0.2164957548640184 -0.23256176553274455 -0.1690489786328177 0.24606873856468514 0.19677260191617502 0.15570346287507439 -0.11312205116087425 -0.16957715388622369 -0.057419683138529458 -0.034487422787401661 -0.052903240265066334 -0.052818510491969221 0.095365794611648777 0.16121678137116963 -0.075211997063173719
internal_count=5600 4333 3330 2835 495 2186 1267 1854 583 332 649 375 393 1003 166 1461 684 323 1092 566 451 894 444 450 418 483 177 71 72 346
shrinkage=0.05


Tree=6
num_leaves=31
num_cat=0
split_feature=27 26 24 22 5 5 22 24 27 26 24 26 8 5 24 22 24 22 17 22 22 13 11 22 19 21 27 1 0 27
split_gain=26.502766539652868 27.736107819917667 15.707601232510253 18.15784399755627 6.8328643929606603 5.4207360793970452 4.7180233677322221 4.4814177612418078 4.423047156367728 4.1332880378214831 3.1158379352719363 4.2574735226655118 2.9683730183880179 4.2629557110767724 2.9677193924419782 3.4870717738940855 2.9474734082971397 2.8159794424181612 2.7616607509284856 3.8102747055126747 2.7315567111172809 2.7825594998485563 3.7038935218221809 2.5919374210223252 3.0978482661597244 2.8155414663333178 2.540334041528125 2.5114730433423111 2.4880852744633515 4.3869729676902791
threshold=0.90450000000000019 0.81150000000000011 1.0265000000000002 1.0485000000000004 1.3365000000000002 0.88150000000000006 1.0375000000000003 0.73250000000000004 1.0105000000000002 1.3665 0.73250000000000004 0.76750000000000018 1.6300000000000001 1.7360000000000002 2.3415000000000004 1.0465000000000002 0.79350000000000009 0.78850000000000009 0.61750000000000005 0.74050000000000005 0.74450000000000016 1.1485000000000001 -0.96549999999999991 1.0795000000000001 0.85450000000000015 0.92450000000000021 1.0925000000000002 -0.31449999999999995 0.77750000000000019 0.83850000000000013
decision_type=2 2 2 2 2 2 2 2 2 2 2 2 2 2 2 2 2 2 2 2 2 2 2 2 2 2 2 2 2 2
left_child=1 4 3 7 10 6 28 26 -4 16 18 -12 13 -11 15 20 -5 -9 23 -20 -10 22 -22 24 25 27 -2 -1 -3 -30
right_child=2 5 8 9 -6 -7 -8 17 14 12 11 -13 -14 -15 -16 -17 -18 -19 19 -21 21 -23 -24 -25 -26 -27 -28 -29 29 -31
leaf_value=-5.3015202283859259e-05 0.0027476593300148292 -0.0010238216607117215 0.0040554794185052668 0.009597043862047884 0.011513406193101561 0.0093335719377977671 0.010736586104072101 -0.0058933858984503255 0.0064721297691850109 -0.0095981807581016002 -0.0092748990360601458 -0.00037353107733512992 -0.016905196330377036 0.015233373641967774 -0.011977203355895149 0.0016676841962545718 -0.0010241249576210976 -0.017622077817889464 0.016385505897434136 -0.00036094861105084424 0.0078143164282664657 -0.011078235124930358 -0.0059969712771586522 0.010517828091979028 -0.020746115881663103 0.009677346105928776 -0.014699326806208668 -0.017662832504365504 0.0077206999605352227 -0.0032781228423118592
leaf_count=40 54 326 394 97 77 989 211 58 51 56 405 201 56 25 72 458 200 435 38 320 64 156 201 20 39 27 34 41 330 125
internal_value=0 0.061455853374522473 -0.077479814837850117 -0.17213970942450274 -0.057971626890218814 0.13428189888679276 0.082050795126105511 -0.2877391993281353 -0.0086547482150331947 -0.017385553585768845 -0.07759537649934635 -0.12644930218312606 -0.1610736899132276 -0.038682415161603763 -0.0439513037185707 -0.028808638165074011 0.048894832531611122 -0.32484463419440313 -0.021203987995783487 0.028332160255096477 -0.089127162566124379 -0.11560473419425041 -0.053228300022629071 -0.12739525191084353 -0.17334787963198967 -0.086112665909307981 -0.079864433543248611 -0.17933252858526913 0.046204859674663763 0.093980906887368848
internal_count=5600 3189 2411 1015 1208 1981 992 581 1396 434 1131 606 137 81 1002 930 297 493 525 358 472 421 265 167 147 108 88 81 781 455
shrinkage=0.05


Tree=7
num_leaves=31
num_cat=0
split_feature=25 25 26 27 26 25 27 5 0 3 24 5 25 1 24 13 0 9 5 27 3 5 25 18 23 25 24 27 25 25
split_gain=41.809234803695297 23.337399025849386 14.418642194506305 14.6537301990044 8.8545855876034665 9.4874525409498034 7.2607091763059106 6.9111588121412222 5.8203615294023709 5.1579744371024709 5.071471847143818 4.7094452299340803 4.0657417812157384 4.0421001535687289 3.6122584018774115 3.5286055929941034 4.1506113575871382 3.5296400472480531 3.4977862207984387 3.4065992417054516 3.3501029854221738 3.1341072510762218 3.0040525219994905 2.9468256638132351 2.7531478707906434 2.7127950745426688 2.689086148071107 2.6653886361246908 2.6498681889753355 2.5455927569672161
threshold=1.1785000000000003 0.59250000000000014 0.77650000000000008 0.90450000000000019 0.87350000000000017 0.94550000000000012 0.79050000000000009 0.8015000000000001 1.3475000000000004 1.8335000000000004 0.94450000000000012 0.86950000000000016 1.4915 -1.6564999999999996 1.7695000000000003 0.9405 0.90750000000000008 1.0115000000000001 0.88650000000000007 0.91350000000000009 2.6165000000000007 1.0315000000000001 1.0025000000000002 0.68350000000000011 1.1195000000000002 0.6785000000000001 0.73250000000000004 0.95650000000000013 0.52350000000000019 0.96950000000000014
decision_type=2 2 2 2 2 2 2 2 2 2 2 2 2 2 2 2 2 2 2 2 2 2 2 2 2 2 2 2 2 2
left_child=1 15 7 4 5 6 -4 -3 11 12 -10 29 18 -13 21 16 26 27 24 28 -15 -12 25 -19 -2 -6 -1 -18 -17 -5
right_child=9 2 3 8 22 -7 -8 -9 10 -11 14 13 -14 20 -16 19 17 23 -20 -21 -22 -23 -24 -25 -26 -27 -28 -29 -30 -31
leaf_value=-0.0052800325379855394 -0.010350014378919322 -0.0077571691328157961 0.011551620737830205 0.0018532339227563554 0.0030961110226569639 -0.0074977218111356107 -0.0018412519117881514 0.0046502814909746481 -0.015379041738999198 -0.018362454780273967 -0.0049154686991886428 -0.01104358583688736 -0.009708551233061696 0.0083810197476577378 -0.019249390260032986 9.2731600070928606e-05 -0.0029312096908688545 0.00046751735111077628 -0.00035427484163053476 -0.0071423216043291875 -0.011130349273267 0.0078056596735916516 0.0060889845200487085 0.02256609323349866 0.0078981296523757596 0.013978091890262702 -0.01457967729715819 -0.015727837414157633 0.012265276128337497 -0.0073608508706092847
leaf_count=138 204 323 335 262 62 135 145 172 78 108 93 31 618 506 23 154 240 48 314 111 23 101 185 22 23 751 178 49 63 105
internal_value=0 0.048280707049144216 0.08855799604822566 0.11605378169651805 0.17863096100014333 0.084247771559692014 0.1501171424984932 -0.068917867210176259 0.033453953368574041 -0.15823232880613422 -0.088885979228100528 0.072386294378303268 -0.13875535657634191 0.1300873856459345 -0.010276768476732315 -0.085441498700547902 -0.12678774886661107 -0.053217798056376678 -0.075452430741844254 -0.00035394119416795128 0.15065398710887237 0.034147735877135363 0.23679294647697458 0.14825568114008222 -0.17002166971761223 0.26296447461234979 -0.21036880057823809 -0.102017602706038 0.072533922810708321 -0.015658967501461018
internal_count=5600 4333 3330 2835 1613 615 480 495 1222 1267 295 927 1159 560 217 1003 675 359 541 328 529 194 998 70 227 813 316 289 217 367
shrinkage=0.05


Tree=8
num_leaves=31
num_cat=0
split_feature=25 25 26 27 26 25 27 5 22 0 3 27 18 25 22 22 22 10 26 9 5 22 20 25 21 15 27 0 13 14
split_gain=37.732834726923826 21.062002552422605 13.012824117382767 13.224991356507097 7.9912636525427985 8.5624259417464721 6.5527901085899813 6.2373207694387887 5.8096492779657867 5.2521114168093064 4.6550720329798274 4.3012579219800324 3.8203389552703468 3.7276892164246114 3.9555603111812818 3.4728620105682046 4.0524092363780353 3.3420920841122914 3.3354719928860743 3.5848663711683644 3.1878719686228365 3.0638960154524817 2.9138646478873742 2.7111574033559052 2.6307538680203049 3.1242674259537715 2.5366835556149692 3.9013170118632288 3.2045756002516184 2.4983881849549445
threshold=1.1785000000000003 0.59250000000000014 0.77650000000000008 0.90450000000000019 0.87350000000000017 0.94550000000000012 0.79050000000000009 0.8015000000000001 1.0465000000000002 0.99550000000000016 1.8335000000000004 1.0835000000000001 1.2545000000000002 1.8325000000000002 1.0145000000000002 0.96350000000000013 0.77950000000000019 0.82250000000000012 1.0165000000000004 0.91550000000000009 1.3365000000000002 0.6805000000000001 9.9999996826552254e-21 1.0025000000000002 0.58250000000000013 -1.3984999999999999 0.84050000000000014 0.96350000000000013 1.2365000000000002 0.77350000000000019
decision_type=2 2 2 2 2 2 2 2 2 2 2 2 2 2 2 2 2 2 2 2 2 2 2 2 2 2 2 2 2 2
left_child=1 20 7 4 5 6 -4 -3 9 12 13 15 18 14 21 16 -11 -15 19 -5 26 -2 -18 -6 -23 -26 27 28 -1 -8
right_child=10 2 3 8 23 -7 29 -9 -10 11 -12 -13 -14 17 -16 -17 22 -19 -20 -21 -22 24 -24 -25 25 -27 -28 -29 -30 -31
leaf_value=-0.0083354836160486386 0.010726658932187341 -0.0073693105403114774 0.010974039626655295 -0.011787612070994718 0.012490812515860554 -0.0071228358370286453 -0.0058000874661263968 0.0044177674969961478 0.0053498286580313066 0.0092336991429328909 -0.017444332206138859 -0.014192731151011138 -0.012156840637326242 -0.014256128486587492 -0.00058222088364907258 0.010831490904092789 -0.0033363170681461212 -0.00091072505308409867 0.0075407661628304869 0.0074077295702557238 0.0040143527979150826 0.0035304381750350779 -0.020050858987702265 0.0057845352630357489 0.0043832970685080477 -0.010554423824221164 -0.0087255935764079771 0.0014705406940581716 0.0085585407191707246 0.0088844177871942511
leaf_count=297 22 323 335 56 813 135 105 172 558 35 108 113 40 229 324 42 62 59 228 43 109 43 45 185 38 444 307 259 31 40
internal_value=0 0.045866671429477167 0.08413009591646739 0.11025109181748917 0.16969941182307996 0.080035380958541624 0.14261128343641757 -0.06547197151665736 0.031781255345297715 -0.031426797879029467 -0.15032071345607032 -0.13029069661692738 0.048580226440195814 -0.13181758963208037 -0.099206500978612194 -0.035982415727947067 -0.11069871023507186 -0.23044348621947897 0.084264267930926173 -0.069004829182769317 -0.081169423826432538 -0.15107142783606073 -0.20731594629376848 0.22495329857828145 -0.16639200182188124 -0.1875352236245183 -0.10085483355410146 -0.062332328174142658 -0.13477584583366789 -0.034983789304207112
internal_count=5600 4333 3330 2835 1613 615 480 495 1222 664 1267 297 367 1159 871 184 142 288 327 99 1003 547 107 998 525 482 894 587 328 145
shrinkage=0.05


Tree=9
num_leaves=31
num_cat=0
split_feature=25 25 26 27 25 26 27 22 5 5 24 22 24 22 24 22 27 21 24 3 27 9 3 2 26 9 2 27 3 25
split_gain=34.397352088149319 23.027490158217063 12.524748801004407 9.8264908072556025 6.683241847581872 6.6681467313472211 6.2890512133408389 5.8289113081756652 4.446080598954425 4.400990140198644 3.751855878962024 9.8247393789974069 3.6965595796951849 3.4268802699963183 3.5633802113347066 3.4069684011768508 4.2341843768860947 3.5077095764111306 3.240008495173007 2.9128155428670475 2.8380850894179339 4.2897409772848105 3.603525025294152 3.1164886271559187 2.9822277430301396 2.7290751568835532 2.7003584656292103 2.6984752650378629 2.6767411066179143 2.6428127292082308
threshold=1.0675000000000001 0.6695000000000001 0.77650000000000008 0.90450000000000019 1.4915 0.87150000000000005 0.78650000000000009 1.0065000000000002 1.3365000000000002 0.8015000000000001 1.0265000000000002 0.99050000000000005 0.82250000000000012 0.78450000000000009 0.74850000000000017 0.87250000000000016 0.88950000000000007 0.72450000000000014 1.0755000000000001 2.0310000000000001 0.83850000000000013 1.2815000000000001 0.41250000000000003 1.1020000000000001 0.74950000000000017 1.3175000000000001 0.90150000000000008 0.99650000000000005 1.8335000000000004 0.94850000000000012
decision_type=2 2 2 2 2 2 2 2 2 2 2 2 2 2 2 2 2 2 2 2 2 2 2 2 2 2 2 2 2 2
left_child=1 8 9 5 7 6 29 15 20 -3 11 13 -13 -5 -15 18 17 -17 -2 25 21 22 -1 26 -24 -12 -22 -10 -6 -4
right_child=4 2 3 10 28 -7 -8 -9 27 -11 19 12 -14 14 -16 16 -18 -19 -20 -21 23 -23 24 -25 -26 -27 -28 -29 -30 -31
leaf_value=0.0053141141044242045 -0.0069393722197184197 -0.0073284688617001065 0.010680120504564711 0.0067946910210277727 -0.0088266013461409266 0.012079695996116191 -0.0033125495469128645 0.0017570180509771619 0.0111138514134773 0.003920483404267444 0.0043222162003013374 0.013788209575064042 0.00029499733022281103 0.002765806913375855 -0.018277667896840179 0.012704155422174013 -0.015722554261925852 -0.0074948474764823915 0.0042363325620556743 -0.0057378422943028537 -0.0064190441121657685 0.012844264280536902 -0.0072522967607188951 -0.016604653273669768 2.8827361631811712e-05 0.012619501773182674 0.0094832033946596339 -0.0027708963569948227 -0.019419993121515624 -0.0024077906211217247
leaf_count=112 156 238 270 23 618 850 162 350 86 137 407 85 126 25 103 26 158 124 111 55 336 46 367 71 228 131 29 59 66 45
internal_value=0 0.051168208521310321 0.10499079650535052 0.13282293320276778 -0.12202770206926772 0.18849119108335902 0.093863686862981549 -0.066606907103512733 -0.056033153003123566 -0.064377032677332566 0.055470285865024747 -0.024751892241325169 0.11461303104156566 -0.21949360623264944 -0.2833522844593972 -0.12854002683059029 -0.20020887139555696 -0.079873739480972289 -0.045865854073999526 0.10444234062809164 -0.076193770257438106 -0.039017352885300734 -0.058269858360290527 -0.14039983053546434 -0.089244378915353986 0.12685117939812543 -0.10311155743794899 0.10928390848225561 -0.19697541455950654 0.17620837830361866
internal_count=5600 3991 2657 2282 1609 1327 477 925 1334 375 955 362 211 151 128 575 308 150 267 593 1189 753 707 436 595 538 365 145 684 315
shrinkage=0.05


Tree=10
num_leaves=31
num_cat=0
split_feature=25 25 25 26 27 5 24 27 27 5 5 22 3 15 3 5 21 22 27 19 9 3 17 25 26 27 5 27 24 10
split_gain=29.084154742796589 13.766310784966059 12.009565581460276 9.9260654248455147 9.4943870756337887 4.8244131949166746 4.6173661642590531 6.1865966553587093 4.5353923627513479 4.3122601425425469 3.6259567897955183 3.417202413213638 3.3699613712947931 3.323262646776957 3.1290878165727394 3.0542882889415921 4.8803798082248449 3.1862393990714626 2.9854904925138435 3.1068362720292475 2.8987633308132161 2.805413786327728 2.6909703368834057 3.0797166989094067 2.6717376602135512 3.0679016477767869 2.6672768154049953 3.6673497641466879 2.8653456947564342 2.6146390125070287
threshold=1.2815000000000001 0.67450000000000021 0.98450000000000015 0.77650000000000008 1.0105000000000002 1.5755000000000001 1.2435000000000003 0.89550000000000007 0.84050000000000014 0.70450000000000013 0.82050000000000012 1.0215000000000003 2.0310000000000001 0.45350000000000001 1.2635000000000003 0.8015000000000001 1.0625000000000002 1.0375000000000003 0.90650000000000008 0.61450000000000016 1.5875000000000001 1.8535000000000004 1.5170000000000001 1.5165000000000002 0.94950000000000012 0.97050000000000003 0.84250000000000014 0.90250000000000019 1.1185000000000003 1.1075000000000002
decision_type=2 2 2 2 2 2 2 2 2 2 2 2 2 2 2 2 2 2 2 2 2 2 2 2 2 2 2 2 2 2
left_child=1 5 3 10 15 8 7 29 9 -1 -3 26 20 -12 -11 16 17 18 -5 -20 -6 22 23 -8 -13 -26 -4 -28 -29 -2
right_child=6 2 11 4 12 -7 21 -9 -10 14 13 24 -14 -15 -16 -17 -18 -19 19 -21 -22 -23 -24 -25 25 -27 27 28 -30 -31
leaf_value=-0.0045817814125683892 -0.001576742278205024 -0.0062967916352177095 -0.0071604155772945644 0.0076013344163259784 0.00077842980702296503 0.008989699876734189 0.0049560503562291469 -0.012844784108419266 -0.0073131787044734796 0.0048556728813892759 0.011804989625268908 -0.0058370958331605081 -0.010108496633268172 -0.0057628229922718479 -0.0073608311395796516 0.010766166503585521 -0.005574393444336378 0.01561814546585083 -0.01372067795859443 0.0098048850246097736 0.012969887708978995 -0.013617834231505791 0.0088390139738718666 -0.0076807615050563105 0.013243567869067191 0.0014346697452393446 0.0051752226932948791 -0.013992172266755785 -0.00050415125631150749 -0.019636908783154054
leaf_count=418 225 221 281 353 377 84 75 504 464 312 67 71 62 45 63 840 78 105 36 23 56 48 60 135 80 176 151 63 105 22
internal_value=0 0.032782865396742522 0.068520911210756694 0.10779136299454845 0.13530130988575634 -0.052231576174253141 -0.15059054120887208 -0.1933568627554948 -0.067736865109456562 -0.021789332995047934 -0.051650671540079893 -0.027346437642232244 0.015881008391428475 0.094929869685854235 0.056066004117329912 0.17649507242212728 0.12167870868153932 0.15685664494909216 0.11722519407862599 -0.090993915574025294 0.047103083092400987 -0.049592090009143518 -0.0099894954098595518 -0.063352288234801518 0.054896238564715837 0.10249900817871094 -0.072168696175018948 -0.0095914801273226363 -0.11124318270456224 -0.06370680209113519
internal_count=5600 4531 3190 2263 1930 1341 1069 751 1257 793 333 927 495 112 375 1435 595 517 412 59 433 318 270 210 327 256 600 319 168 247
shrinkage=0.05


Tree=11
num_leaves=31
num_cat=0
split_feature=25 25 25 26 27 5 24 27 24 5 14 13 9 3 15 26 25 3 5 27 26 9 3 11 27 26 27 24 15 3
split_gain=26.248450293409704 12.424096019995007 10.838633188681557 8.958273452336396 8.5686844260182795 4.4057152059938289 4.1671729546055474 5.5834034504760446 3.5499592630519867 3.2724257328101611 5.041183960808528 3.0569437585879271 3.0525438783937622 3.0413901479502088 2.9992445856478929 2.8431341837176447 2.8360430983817748 2.7209672034371648 2.7163969740425449 2.6535082449197458 3.8112366836757277 2.6161338348269672 2.5950946815374643 2.5639184434061377 2.5211286806395115 2.4418842942443653 2.381077136113575 2.3780188548866277 2.357477382772724 2.6312699071955823
threshold=1.2815000000000001 0.67450000000000021 0.98450000000000015 0.77650000000000008 1.0105000000000002 1.3365000000000002 1.2435000000000003 0.89550000000000007 0.73950000000000016 0.82050000000000012 0.77350000000000019 1.0675000000000001 0.91050000000000009 2.0310000000000001 0.45350000000000001 0.85350000000000015 0.85550000000000004 1.7935000000000003 1.0675000000000001 0.96650000000000014 0.94150000000000011 1.5875000000000001 1.2105000000000001 -0.5724999999999999 0.78650000000000009 1.2240000000000002 0.85950000000000015 1.3095000000000003 -0.93649999999999989 0.42050000000000004
decision_type=2 2 2 2 2 2 2 2 2 2 2 2 2 2 2 2 2 2 2 2 2 2 2 2 2 2 2 2 2 2
left_child=1 5 3 9 15 8 7 23 28 10 -3 12 18 21 -11 16 -5 -13 -4 20 -14 -6 -8 -2 -18 -20 -17 -21 -1 -30
right_child=6 2 11 4 13 -7 22 -9 -10 14 -12 17 19 -15 -16 26 24 -19 25 27 -22 -23 -24 -25 -26 -27 -28 -29 29 -31
leaf_value=-0.00619431297079875 -0.011825687750693292 -0.0099597035977192702 -0.0095447166617644037 0.007427390830384361 0.00073950836924089995 0.005534543283283711 0.001599283234940635 -0.012202544953851473 -0.0054693277260022509 0.011214740262992347 0.0083545297694702942 0.0035838331730087846 -0.0036660614361365635 -0.0096030717895876985 -0.0054746818542480468 0.011591018929914317 0.0025770613591964931 -0.013860374937454858 0.0054572700139354259 -0.0109677732435625 0.013507089827741896 0.01232139321842364 -0.0075141994417577546 -7.7013155898532354e-05 -0.014442246863918921 -0.01281740063428879 0.00686737794152514 0.0033605762264307809 0.012424638704820114 0.00032737763310835617
leaf_count=104 62 173 236 234 377 152 180 504 784 67 48 326 60 62 45 639 73 24 68 67 70 56 138 185 31 25 458 51 55 246
internal_value=0 0.031143723017489033 0.065094867273931586 0.10240179690122078 0.12853624558201726 -0.049619998218940323 -0.14306101537509094 -0.18368902080227309 -0.07011390176011896 -0.049068130888380447 -0.11963903108333571 -0.025979115192686985 -0.070704076432685919 0.015086958564893165 0.090183377532022338 0.16767032019768027 0.087480785843183306 0.047753178051539828 -0.133853725658724 0.013071063064759778 0.11162040027288291 0.044747929581318388 -0.04711248683479597 -0.060521463512891699 -0.049920033376950487 0.010894482815137474 0.19237776104710597 -0.095500240639104686 0.0059101964220588587 0.050756812392675203
internal_count=5600 4531 3190 2263 1930 1341 1069 751 1189 333 221 927 577 495 112 1435 338 350 329 248 130 433 318 247 104 93 1097 118 405 301
shrinkage=0.05


Tree=12
num_leaves=31
num_cat=0
split_feature=25 25 25 26 27 5 27 5 24 27 22 22 0 3 0 5 21 3 5 21 22 27 19 18 5 3 17 25 21 26
split_gain=23.689226018163289 11.212746503229042 9.7818664835702691 8.0848421180292789 7.7332377335850708 4.0431290285758985 3.9890403282758999 3.8082748257342494 3.7608736669399256 5.0390215624877719 2.9999695649679685 2.9650708081209576 2.9231437232277422 2.7755438077335857 2.7509550656382009 3.1296029888963042 4.7587748098660869 2.957359729235447 2.7214123161824304 4.3764166346125624 2.8462099719539484 2.656089417833198 2.7964729315445136 2.5632597120461398 2.5108658023399464 2.4099567144647223 2.4452615853946837 2.7507602717946846 2.4076693826945905 2.362037690932993
threshold=1.2815000000000001 0.67450000000000021 0.98450000000000015 0.77650000000000008 1.0105000000000002 1.5755000000000001 0.84050000000000014 0.70450000000000013 1.2435000000000003 0.89550000000000007 1.0215000000000003 0.99050000000000005 1.2695000000000003 1.2635000000000003 1.7985000000000004 1.1275000000000002 0.93950000000000011 2.0015000000000005 0.8015000000000001 1.0625000000000002 1.0375000000000003 0.90650000000000008 0.61450000000000016 0.058500000000000003 0.82050000000000012 1.8535000000000004 1.5170000000000001 1.5165000000000002 1.0925000000000002 0.94950000000000012
decision_type=2 2 2 2 2 2 2 2 2 2 2 2 2 2 2 2 2 2 2 2 2 2 2 2 2 2 2 2 2 2
left_child=1 5 3 11 18 6 7 12 9 28 -4 24 -1 -9 15 16 -6 -17 19 20 21 -5 -23 -8 -3 26 27 -10 -2 -12
right_child=8 2 10 4 14 -7 23 13 25 -11 29 -13 -14 -15 -16 17 -18 -19 -20 -21 -22 22 -24 -25 -26 -27 -28 -29 -30 -31
leaf_value=-0.0064461602197017206 -0.0045679782243335954 -0.008774746105526433 -0.0033338509599367783 0.0068112136664201448 0.0056046311295669497 0.0082634876881326948 -0.010417448643674242 0.0046790684453952005 0.0047315697868665066 -0.011592417674523499 -0.0054502827390818529 0.0046217187529518497 0.0035687439460703667 -0.0068266067476499652 -0.0086238374385763632 0.010915540813496619 -0.0078217223398667542 -0.0062456757310898076 0.0097969080667410571 -0.0056628080323720591 0.014391521655377888 -0.01335075009200308 0.0089688367817712857 -0.0029842861289540758 0.002959006622670189 -0.012561232907076678 0.0084993692239125583 -0.0072112947812786807 0.011517504373422036 0.0048568563186563553
leaf_count=324 221 165 600 353 131 84 235 312 75 504 71 105 94 63 68 132 133 31 840 78 105 36 23 229 63 48 60 135 26 256
internal_value=0 0.029586536294707293 0.061840123115662123 0.097281706317357136 0.12210943306665964 -0.047138998350218814 -0.061333377966353506 -0.01824213998465039 -0.13590796388009646 -0.17450456942286535 -0.024680160363772411 -0.046614727995417139 -0.083880094748935055 0.054922300259272257 0.014332610127901791 0.044082109905796814 -0.023188060093106644 0.15303502327825394 0.1592868040455343 0.1075437114018352 0.14085587778451134 0.10339877023858932 -0.092997883841142812 -0.13497853253422112 -0.11065049913891575 -0.044756860852991263 -0.0080514746683615218 -0.058919720138822282 -0.057495390596660041 0.052378296214141612
internal_count=5600 4531 3190 2263 1930 1341 1257 793 1069 751 927 333 418 375 495 427 264 163 1435 595 517 412 59 464 228 318 270 210 247 327
shrinkage=0.05


Tree=13
num_leaves=31
num_cat=0
split_feature=25 25 25 26 21 5 5 24 26 3 13 24 13 19 5 14 15 21 14 9 21 20 23 3 3 15 22 22 0 21
split_gain=21.379526405018648 10.11950365816206 8.8281342538954011 7.2965699943197464 4.8092776209329102 4.8326514231458262 3.6793169883616597 3.394188412546427 4.3901280835444005 3.1776900801407812 4.2322089413926047 3.0754656354640435 2.7284645896932442 2.9175350100994182 2.6908063189099849 4.4954113295548783 2.7092571470517708 2.6532576207070999 2.5202586445764634 2.5567992795690682 2.9656156568648577 2.6020906698280468 2.2341273595932987 2.8886708815448796 2.2180319739129692 2.1899296140385047 2.1614515203509588 2.2407602498140857 2.1586061768154536 2.1448582391064859
threshold=1.2815000000000001 0.67450000000000021 0.98450000000000015 0.77650000000000008 1.0715000000000001 0.79050000000000009 1.3365000000000002 1.2435000000000003 1.0095000000000003 1.5555000000000001 0.65950000000000009 0.73950000000000016 1.4305000000000001 0.41450000000000004 0.82050000000000012 0.77350000000000019 0.45350000000000001 1.0925000000000002 1.2445000000000002 0.91050000000000009 1.5230000000000001 2.3265000000000002 1.0795000000000001 1.8535000000000004 1.2105000000000001 0.58250000000000013 1.1735000000000004 0.87650000000000006 1.3285000000000002 0.90950000000000009
decision_type=2 2 2 2 2 2 2 2 2 2 2 2 2 2 2 2 2 2 2 2 2 2 2 2 2 2 2 2 2 2
left_child=1 6 3 14 9 -6 11 8 17 28 -11 -1 18 -14 15 -3 -16 -2 19 20 -4 -21 23 -7 -9 -20 27 -26 -5 -13
right_child=7 2 12 4 5 22 -8 24 -10 10 -12 29 13 -15 16 -17 -18 -19 25 21 -22 -23 -24 -25 26 -27 -28 -29 -30 -31
leaf_value=0.00036253757314917484 -0.0042677394810475798 -0.0091701103686597316 -0.0051676004926363636 0.0090885925360368307 -0.0080890628996245356 0.004270508239421939 0.0050859097587434877 0.0015303643296162288 -0.010710138049143465 0.012669187906335611 -0.0028361826946463765 -0.007351770626235119 -0.001194531140448172 0.013231218618059915 0.010472550365462234 0.0081243569031357772 -0.0053895418842633573 0.013059610188007354 -0.016809213278340361 0.0044120854127063678 0.013328893741835719 -0.0063528193390532716 0.013665168101970965 -0.012861094357711928 -0.00099500700047141632 0.0027123310416936877 0.0036379412644439273 -0.016323024965822698 0.0042744919312316066 -0.0020910111580576215
leaf_count=405 190 173 375 1017 109 203 152 180 536 61 158 434 79 63 67 48 45 25 51 243 23 73 52 28 38 20 36 64 302 350
internal_value=0 0.028107209122488763 0.058748116510041457 0.092417620079632196 0.11600396046366716 0.017126704889292618 -0.044782048570496391 -0.12911256576275804 -0.16577934064020647 0.14120544562956758 0.029653296486972128 -0.06351042287604361 -0.023446151643123442 0.1041125088510379 -0.044283992356366222 -0.10827691967670734 0.081987766016806879 -0.045058627599893611 -0.046520457108309314 -0.0286527923008307 -0.081974152194794703 0.038505123008655599 0.086034718861428244 0.043879006977205155 -0.042519018803752445 -0.22620373418633366 -0.13790115627689639 -0.21225173800599342 0.15972699275786809 -0.10006434584454614
internal_count=5600 4531 3190 2263 1930 392 1341 1069 751 1538 219 1189 927 142 333 221 112 215 785 714 398 316 283 231 318 71 138 102 1319 784
shrinkage=0.05


Tree=14
num_leaves=31
num_cat=0
split_feature=25 25 25 26 27 24 24 27 22 22 26 22 22 25 13 0 15 0 11 25 3 26 9 14 21 19 14 26 3 17
split_gain=19.295022601187373 9.1328518664448044 7.9673910611740375 6.5851544945704283 6.7183200249685946 3.2029756553814384 3.0632550908087772 4.2394766877588239 2.6774569690262355 2.6014701160695712 2.5778232774768206 2.5458209138576944 2.5004700345471309 2.4974873760794338 2.4866503566714462 2.4542716165260252 2.4445082459852481 2.2971693538219649 2.2897545320873425 2.2864945113600186 2.2354103135138397 2.2187518941946873 2.1621461408205191 2.837057765401644 2.7615963757375281 2.1589395641050082 2.1106581742996018 2.0553241200570005 2.0546961750733321 2.2339439846086058
threshold=1.2815000000000001 0.67450000000000021 0.98450000000000015 0.77650000000000008 1.0105000000000002 0.73950000000000016 1.2435000000000003 0.89550000000000007 1.0865000000000002 0.99050000000000005 0.85850000000000015 1.0215000000000003 0.72750000000000015 0.83950000000000014 0.96550000000000014 1.7985000000000004 -0.9474999999999999 1.2435000000000003 -0.5724999999999999 0.7955000000000001 2.1315000000000004 0.75350000000000017 1.2545000000000002 0.3775 1.6305000000000003 -0.82099999999999984 0.7360000000000001 0.94350000000000012 1.8535000000000004 1.5170000000000001
decision_type=2 2 2 2 2 2 2 2 2 2 2 2 2 2 2 2 2 2 2 2 2 2 2 2 2 2 2 2 2 2
left_child=1 5 3 9 10 8 7 18 12 26 13 -4 -1 -5 -7 20 -14 -15 -2 27 -6 -11 23 -13 -24 -20 -3 -12 29 -8
right_child=6 2 11 4 15 14 28 -9 -10 21 19 22 16 17 -16 -17 -18 -19 25 -21 -22 -23 24 -25 -26 -27 -28 -29 -30 -31
leaf_value=0.0084439272992312912 -0.010824081157484363 -0.0077500117250851224 -0.0030480745012561481 0.0067566864634469401 0.0031949021986552649 -0.0057378519697092838 -0.002756075951315108 -0.010504419507370109 0.0093544958070630128 0.0087916639137577707 0.0081066541752572788 0.0039856258076387688 -0.0099964909538438063 0.0017908263951539995 -0.00012666106324743583 -0.0083350317004848937 0.00022696534130308365 -0.013716462542933803 -0.0087199315124628501 0.0099196606252940842 -0.0081556927792879996 -0.0076442798333508635 0.013891721065615266 -0.0076355814933776857 -0.0042017125586668652 0.0035208350814440676 0.0036390886554178202 -0.00047885459402333141 -0.011551817537595828 0.0081835570683081952
leaf_count=64 62 175 600 236 378 593 210 504 84 77 177 143 79 104 296 68 225 31 49 772 49 28 71 83 30 136 53 115 48 60
internal_value=0 0.026701848821591604 0.05581071054487019 0.08779673872929572 0.11020376222121284 -0.042542945285238144 -0.12265693739934766 -0.15749037380859793 0.025997053601045525 -0.04206979382145512 0.14485576480938583 -0.022273843696073679 -0.010774143283133921 0.073078900896956664 -0.077391178689737827 0.009747956738327488 -0.048595762076346499 -0.035402132405175105 -0.050164866785288822 0.16988322393674599 0.037847498122087965 0.088174911623909363 0.048712663329704822 -0.0056467941113277874 0.17034867700963918 0.0055737218341311897 -0.10205090817129403 0.09450750073341474 -0.040393067137250362 -0.0065009278279763681
internal_count=5600 4531 3190 2263 1930 1341 1069 751 452 333 1435 927 368 371 889 495 304 135 247 1064 427 105 327 226 101 185 228 292 318 270
shrinkage=0.05


Tree=15
num_leaves=31
num_cat=0
split_feature=25 25 5 27 22 27 0 6 9 13 25 5 3 27 25 25 24 5 21 3 5 24 21 22 25 22 9 19 4 5
split_gain=18.079737962959097 10.15939542723839 9.0056740270405609 5.9281676809570136 4.7432270429327605 5.013165898756391 4.5270652272230896 4.0207887572653007 3.6917455123321741 3.5272680151975262 3.4655271854895169 3.3863237845159135 3.3602651147975093 2.543831406485741 2.5241488638118503 2.3998205121419147 2.4345522965280884 2.3503403469633399 2.4218021342393117 2.2812508413418633 2.5600314399736952 2.2735942931977817 2.1866247588810035 3.9835424838310214 2.8701059439070731 2.6079475044651192 2.1360509009123483 2.2589649231424267 1.9703285201378096 2.3153002801639078
threshold=1.0675000000000001 0.59250000000000014 0.88150000000000006 0.90450000000000019 1.0285000000000004 1.0285000000000004 1.7305000000000004 1.1705000000000003 1.2475000000000003 0.9405 1.9785000000000004 1.3155000000000001 1.9205000000000003 0.91350000000000009 0.94850000000000012 1.6175000000000004 0.97750000000000015 1.2185000000000004 1.0095000000000003 1.7785000000000004 1.6690000000000003 1.1005000000000003 1.0715000000000001 1.0705000000000002 0.75550000000000006 0.75250000000000006 1.1275000000000002 0.96950000000000014 0.08900000000000001 1.0525000000000002
decision_type=2 2 2 2 2 2 2 2 2 2 2 2 2 2 2 2 2 2 2 2 2 2 2 2 2 2 2 2 2 2
left_child=1 9 8 -4 5 11 12 -8 14 26 19 15 17 -11 22 16 -2 18 -5 20 -6 -7 23 24 25 -3 28 -28 29 -1
right_child=4 2 3 6 10 21 7 -9 -10 13 -12 -13 -14 -15 -16 -17 -18 -19 -20 -21 -22 -23 -24 -25 -26 -27 27 -29 -30 -31
leaf_value=-0.0045018119345731841 -0.006295603234320879 0.0056774338576155653 0.009143160592764616 0.0073976715857332403 0.00084143979595853154 -0.015178641378879549 -0.010658513865572343 0.014030237942934037 0.0080964534032729376 0.0055078465990798997 -0.0087861487434970006 0.0058812173828482629 -0.0047543115453955566 -0.0038021515612885106 -0.0045669477787755788 -0.011423386570786228 0.0011686432260003957 0.010275994531992006 -0.002420540140675647 -0.00999224732319514 0.012975582936588598 -0.0072389322182824546 -0.0043238798658291021 0.0098745093972825299 0.0030554878948419496 -0.0050595071783168712 0.0081568376695523494 -0.0092139409096152688 -0.0086040966914615775 0.0081146198723997393
leaf_count=271 288 71 800 143 385 175 94 20 155 194 108 80 81 118 252 119 176 205 112 42 49 186 167 134 491 278 61 27 276 42
internal_value=0 0.039670368742369462 0.068621073847328309 0.12510624212497698 -0.085918685764222597 -0.12693440954899415 0.054563378332225423 -0.12654307798335426 0.015529394361553883 -0.048235563947409542 -0.014000704333390275 -0.075304317798010362 0.092726291492994523 0.039735151024965137 -0.00076059086752382871 -0.10177823415546843 -0.069286746711566524 0.12579762695924096 0.061707179686602422 0.022692583939608407 0.044228473978657874 -0.22175643401132727 0.019244446736694322 0.037371326979915222 0.011828556302047911 -0.057504022445924646 -0.088777459178400533 0.056543339382518425 -0.11048922534709471 -0.05617744406572165
internal_count=5600 3992 3003 1455 1608 1024 655 114 1548 989 584 663 541 312 1393 583 464 460 255 476 434 361 1141 974 840 349 677 88 589 313
shrinkage=0.05


Tree=16
num_leaves=31
num_cat=0
split_feature=25 26 27 5 22 24 22 27 5 25 26 27 24 25 24 22 21 5 12 22 25 7 4 4 9 21 24 10 27 13
split_gain=16.31696335945151 12.363107410280801 12.343922616047637 4.7158716474560052 4.629080465616747 10.549500562423242 4.2807623737669349 4.5243821244262499 3.6815091836816447 3.1276383226959963 3.1100919276796661 5.5019781873649043 3.0888816059110065 2.7110623190223389 2.6839098284418048 2.7158350812266923 2.4640287585397997 2.6116513660823841 2.4064907844837178 2.2502001419466242 2.2372806878748994 2.2298806714003359 2.2072213892821475 2.1072946460239792 2.1784292411849844 2.0761435356833822 2.0519188772147956 2.0158088080051542 1.9473908893006846 1.9117616904234742
threshold=1.0675000000000001 0.79050000000000009 0.90450000000000019 0.88150000000000006 1.0605000000000002 1.0475000000000001 1.0285000000000004 1.0285000000000004 1.3445000000000003 1.9785000000000004 0.89450000000000018 0.82250000000000012 1.2435000000000003 0.85850000000000015 0.73550000000000015 1.0865000000000002 0.62050000000000016 1.4930000000000001 1.6610000000000003 0.73150000000000015 0.62350000000000005 -1.5754999999999997 0.89550000000000007 -0.28949999999999992 0.63650000000000018 1.0675000000000001 1.1005000000000003 -1.4604999999999999 0.99350000000000016 1.3685000000000003
decision_type=2 2 2 2 2 2 2 2 2 2 2 2 2 2 2 2 2 2 2 2 2 2 2 2 2 2 2 2 2 2
left_child=1 8 3 10 5 -4 7 12 14 21 11 13 16 27 15 18 -2 -18 19 -1 -7 -8 -15 24 -20 -12 -9 -3 -6 -16
right_child=6 2 4 -5 28 20 9 26 -10 -11 25 -13 -14 22 29 -17 17 -19 23 -21 -22 -23 -24 -25 -26 -27 -28 -29 -30 -31
leaf_value=0.010730134123979614 0.0038163080595541698 -0.0077154212023900909 -0.010532353494000172 0.0093530222044262319 0.0086802336917473719 -0.0043322055711658728 -0.014851647970222294 -0.014419709273747036 0.0078828218736146632 -0.0083468413601319007 0.0087129695726944536 -0.0093132834612708725 0.0044268262444757947 -0.0064958295503328017 -0.0069031895722919739 0.0085565744913541353 -0.0070423445187809616 0.010979118943214418 0.010332375824451448 -0.0016311036946717651 0.003876703977584839 0.0018131075422842425 0.010382723450660707 -0.013593650025290414 -0.0083092799853710913 -0.0032109887134738088 -0.0068769855204448907 0.0077090346935524872 0.001711369394303457 0.007570471800863743
leaf_count=43 69 23 271 756 130 109 21 175 76 108 333 97 102 86 462 65 471 21 25 256 348 455 25 74 42 41 186 268 438 24
internal_value=0 0.037686849860306494 0.071298344828124735 0.12924196410574307 -0.0015335655138816362 -0.054323769778340726 -0.081622751364808774 -0.12058768881252035 -0.054453377675652614 -0.013300669264711747 0.079172352574262153 0.027499192761992645 -0.07153910218680426 0.079079271400745832 -0.070720124346938071 -0.019667322859905734 -0.10064376165522611 -0.12546271424952563 -0.047853511097756297 0.002931988059876356 0.038375605117831238 0.021557954805237905 -0.053887072984162752 -0.1555475837795447 -0.027068765305761081 0.14811595350025811 -0.21066861106418178 0.12979839245478311 0.066127118825072967 -0.12376881725013011
internal_count=5600 3992 2925 1629 1296 728 1608 1024 1067 584 873 499 663 402 991 505 561 492 440 299 457 476 111 141 67 374 361 291 568 486
shrinkage=0.05


Tree=17
num_leaves=31
num_cat=0
split_feature=27 26 24 5 0 5 17 3 5 0 24 3 12 21 26 27 17 27 24 10 23 3 11 9 5 5 3 4 13 27
split_gain=12.555471777932135 13.473984623058957 7.9762760320127333 4.4204858772305471 4.1874205467559555 3.8739585754827193 3.7272846758648859 3.4492103180067804 3.2897565484925169 3.1579391741502381 3.1096830244984597 3.0646688525032695 2.9424180703321996 2.802454247930954 2.6137373463063889 3.5902106706092609 2.6299185449448892 2.6121521175556603 2.2259284984800232 2.2173322521539909 2.215997253769185 2.2066402489401091 2.9542107336527605 1.8905777890675477 1.9076917418747583 1.8717242292719969 2.3369226548600968 1.8446661378020055 2.2930508080749563 3.4763110580051042
threshold=0.90450000000000019 0.81150000000000011 1.0265000000000002 0.88150000000000006 1.2935000000000003 1.9180000000000001 1.5285000000000004 2.0015000000000005 1.1425000000000003 1.9755 0.78250000000000008 1.7675000000000003 9.9999996826552254e-21 0.70050000000000001 0.88650000000000007 0.82250000000000012 0.44550000000000006 1.0855000000000001 1.4775000000000003 -1.4604999999999999 1.1075000000000002 0.42050000000000004 0.087500000000000008 0.79050000000000009 0.93850000000000011 1.0675000000000001 1.1755000000000002 -0.30049999999999993 0.93650000000000011 0.72450000000000014
decision_type=2 2 2 2 2 2 2 2 2 2 2 2 2 2 2 2 2 2 2 2 2 2 2 2 2 2 2 2 2 2
left_child=1 6 4 14 5 10 12 8 -4 13 11 -2 21 -10 15 19 -16 -9 -11 -3 23 22 -1 24 -12 -23 -27 -14 -29 -30
right_child=2 3 7 -5 -6 -7 -8 17 9 18 20 -13 27 -15 16 -17 -18 -19 -20 -21 -22 25 -24 -25 -26 26 -28 28 29 -31
leaf_value=0.013620622254024118 0.0033806973054439208 -0.012279334377783996 -0.0013701040963521596 0.0071480074524879452 -0.011194475870715441 0.010784111171960832 0.0087451097408407629 0.002564471686372952 -0.0062805845065319792 0.0016742518719504861 -0.0074222362176938495 -0.014847227158369843 -0.0021302931933175951 0.0066144070695600583 -0.0070207218216224157 -0.0095422434395757219 0.0057177470502210786 -0.011315015364776958 -0.017555301001778358 0.002883178713810013 0.0018849019194021822 -0.0031641024549346457 -0.0017767912510669595 -0.00982221964427403 0.0064158194512128827 0.011362140640324238 -0.0081343827599828899 -0.011350091815931012 0.0070233819436053835 -0.014370787239843801
leaf_count=59 158 26 733 980 274 42 76 49 47 34 66 27 210 407 44 87 512 110 27 332 64 436 66 350 40 51 22 191 49 31
internal_value=0 0.044683244694752468 -0.05086431533245514 0.095218571357086779 -0.11814802435539612 -0.079361988079436174 -0.039372575723454296 -0.0020393921537609412 0.01563335479929661 0.076885733673873455 -0.096939090042249529 0.014408112538827433 -0.053977851562970421 0.10558926015435861 0.04847856522440077 -0.0086392152845189817 0.094193335595748412 -0.14075378333247682 -0.1367437912792456 0.035639812243717345 -0.136552998652825 -0.0092330418926684261 0.10981575846672058 -0.16100928455329777 -0.04400656836212806 -0.038468994829650008 0.10972952107860617 -0.11295541773962628 -0.167469832180171 -0.025337172299623491
internal_count=5600 3172 2428 1981 1021 747 1191 1407 1248 515 705 185 1115 454 1001 445 556 159 61 358 520 634 125 456 106 509 73 481 271 80
shrinkage=0.05


Tree=18
num_leaves=31
num_cat=0
split_feature=25 26 27 25 22 27 5 8 5 25 24 5 22 24 5 9 26 25 24 23 22 9 25 24 27 25 26 9 17 22
split_gain=14.507207007502332 10.52503189394473 10.387363811698769 4.7842844871263903 3.8843942466436854 3.5268962220633515 3.1687873766024808 3.1305183334230131 3.0326110288886952 2.974098984259244 2.8383278343658462 2.8376314346460809 2.6743227442188404 4.0607857646615368 2.6500347327385736 2.4923163852216526 2.3654722696195005 2.7086229865243872 2.3471950125941907 2.6196868405583391 2.4332818619027301 2.3020275094676244 2.4359808708845034 2.2380040293150545 2.2285915847488051 3.7236412278932125 2.3450460803487485 2.26552247090182 2.0915039476103892 3.6017188898517629
threshold=1.0675000000000001 0.79050000000000009 0.85950000000000015 0.76150000000000007 1.0265000000000002 1.0285000000000004 1.3445000000000003 1.6300000000000001 0.88150000000000006 1.5875000000000001 1.2435000000000003 0.71650000000000014 1.0085000000000004 1.0405000000000002 1.8805000000000003 0.89650000000000007 0.86550000000000005 0.85850000000000015 0.73550000000000015 1.1465000000000003 1.0705000000000002 0.69350000000000012 0.59750000000000003 1.2355000000000003 1.0105000000000002 0.91350000000000009 0.94950000000000012 0.66050000000000009 0.64450000000000018 0.73150000000000015
decision_type=2 2 2 2 2 2 2 2 2 2 2 2 2 2 2 2 2 2 2 2 2 2 2 2 2 2 2 2 2 2
left_child=1 6 8 12 5 10 18 14 15 -6 -2 -9 13 -4 24 16 17 21 20 -20 28 22 -3 -14 26 -26 -5 -28 -1 -30
right_child=4 2 3 7 9 -7 -8 11 -10 -11 -12 -13 23 -15 -16 -17 -18 -19 19 -21 -22 -23 -24 -25 25 -27 27 -29 29 -31
leaf_value=-0.0071770450452695025 -0.0049626708323925687 -0.0058823300332858652 -0.012112583857158136 -0.0049895622346499205 0.002230681940996447 -0.0097305470508854616 0.0073583847990161492 -0.0026008956233660382 0.0092616277782856925 -0.0050368711609264901 0.0041070939132980275 0.0081703613171764736 0.0034696626154732367 -0.0010516950534176582 0.0099475996540142955 0.008527629217322993 0.0058577298549777369 -0.010002325382083656 -0.007345490722820678 0.0025538168475031857 0.0069776167711579663 -0.0053975060123663682 0.011061292754698403 -0.0062219004853662245 0.0018301550896113157 -0.010233620440959931 0.018989997826240682 0.0032727308277236788 0.016548165480295817 -0.0018106497946332714
leaf_count=148 559 29 145 73 358 357 76 75 595 232 102 331 211 194 65 245 236 64 406 80 83 65 79 83 131 125 27 152 30 244
internal_value=0 0.035396932823982888 0.066409357215604217 0.012627031256631942 -0.077101799599196191 -0.1145189531103567 -0.04961838240140827 0.05643332272433163 0.13243914354147115 -0.012541355066380258 -0.071262009565841056 0.12361194208044136 -0.055123931376666629 -0.11565507372572006 0.0088338123254126898 0.088689728284612676 0.046287191846658006 -0.024281194818673756 -0.064709948452883123 -0.114319501467693 -0.016966893472293815 0.040741811081164148 0.13023232530664514 0.01467218174009907 -0.015492332849915571 -0.081207206123508513 0.051265633650242337 0.1128698354326813 -0.047751481146044078 0.0039887893809019215
internal_count=5600 3992 2925 1612 1608 1018 1067 979 1313 590 661 406 633 339 573 718 473 237 991 486 505 173 108 294 508 256 252 179 422 274
shrinkage=0.05


Tree=19
num_leaves=31
num_cat=0
split_feature=25 26 27 22 24 25 9 24 13 24 19 13 3 22 22 26 27 24 27 25 4 3 1 9 9 23 25 22 17 22
split_gain=13.148873895104481 8.1072536641657589 9.4060237859472799 5.0266208960360039 9.5023446222589421 3.0322556735367598 3.9636120589649511 3.0135686471117915 3.246020176079373 2.7361982235044104 2.5595256163366273 2.5392471608889489 2.5361384440267969 2.5121860511476246 3.1776993362389092 2.3179188796027361 3.085307274470555 2.2300582788983698 2.6101933449326662 3.2082680246574178 2.4755233152254199 2.7166416565283753 2.0884963526961879 2.0299369417411453 2.0426459846153637 2.0387248790277317 1.9954975050665205 1.9608978308938005 2.0462620439350827 2.1191761762275894
threshold=1.2450000000000003 0.8055000000000001 0.90450000000000019 1.0485000000000004 1.0755000000000001 1.0835000000000001 0.99050000000000005 0.73550000000000015 1.3685000000000003 2.1485000000000007 0.78450000000000009 1.0475000000000001 1.8535000000000004 0.6805000000000001 1.0145000000000002 0.86550000000000005 0.85050000000000014 0.96550000000000014 0.72950000000000015 0.78850000000000009 -0.26349999999999996 1.1625000000000003 -1.4484999999999999 1.1035000000000001 0.76650000000000007 1.0025000000000002 0.7955000000000001 1.0865000000000002 0.46450000000000008 0.73150000000000015
decision_type=2 2 2 2 2 2 2 2 2 2 2 2 2 2 2 2 2 2 2 2 2 2 2 2 2 2 2 2 2 2
left_child=1 7 5 4 -4 15 -7 10 17 23 27 -12 13 -2 -15 16 -3 18 22 20 21 -20 -9 24 -5 -26 -17 28 -1 -30
right_child=12 2 3 9 -6 6 -8 8 -10 -11 11 -13 -14 14 -16 26 -18 -19 19 -21 -22 -23 -24 -25 25 -27 -28 -29 29 -31
leaf_value=-0.0090139677704766732 0.012373109421004421 0.0041815982592676116 -0.0092995233212908104 0.0051539935257243017 0.0015092627082056212 -0.0065857370291744271 0.010610444812724988 -0.017976747064486796 0.0080727996027216004 -0.015242216214537621 -0.0075641276882895351 0.0076586008071899414 -0.012545059716447871 -0.006622298925967743 -0.00089084748827402869 0.0043111599197513178 -0.010160597504639044 0.0020433075180867825 0.0068283335698975465 -0.02279465013080173 -0.012883116058932926 -0.012596170057853063 -0.002226703770218357 0.0067063698006423929 -0.0053238688999374447 0.0055279093687651592 0.0087521865392473086 0.011054976612834609 0.01352091527138001 0.0010344192498561108
leaf_count=43 23 439 336 174 515 111 48 23 47 20 141 34 94 607 402 399 41 82 45 45 103 30 248 287 149 61 691 59 39 264
internal_value=0 0.027248283942256275 0.053063836940673834 -0.0037191291031670477 -0.055167321767986312 0.10370544112783557 -0.02788873700975622 -0.042945127410880746 -0.091237406765094342 0.05964181439576377 0.0089274416195935218 -0.092131380183356149 -0.093650270604113281 -0.079327027551656548 -0.086776137529208708 0.11703249483731143 0.059130714088678357 -0.11185648618265986 -0.1372072072284907 -0.21733904045258937 -0.15703045451239253 -0.018829357624053956 -0.071268466235966693 0.070505782761978858 0.022955254108334582 -0.043433713771048044 0.14253052672661773 0.052594833756670539 0.023861373607822926 0.052831840102035219
internal_count=5600 4474 3271 1542 851 1729 159 1203 623 691 580 175 1126 1032 1009 1570 480 576 494 223 178 75 271 671 384 210 1090 405 346 303
shrinkage=0.05



feature importances:
Column_25=81
Column_27=69
Column_5=60
Column_24=60
Column_22=59
Column_26=52
Column_3=42
Column_9=30
Column_0=24
Column_21=22
Column_13=18
Column_19=11
Column_17=10
Column_15=9
Column_14=7
Column_23=7
Column_2=6
Column_10=5
Column_4=5
Column_11=4
Column_6=4
Column_1=4
Column_18=3
Column_8=3
Column_12=2
Column_20=2
Column_7=1

pandas_categorical:null
